1.4596,1.4587,1.4576,1.4585,1.4676,1.4946,1.5467,1.6174,1.6815,1.7095,1.6867,1.6183,1.5219,1.4233,1.3511,1.3238,1.3394,1.3799,1.4262,1.4664,1.4946,1.5084,1.5076,1.4982,1.493,1.498,1.5044,1.5009,1.4822,1.4465,1.3934,1.3264,1.2576,1.2067,1.1893,1.2063,1.2463,1.2975,1.354,1.4129,1.4715,1.525,1.5673,1.5923,1.5959,1.5795,1.5505,1.5195,1.494,1.4769,1.4675,1.4634,1.4611,1.457,1.4469,1.4273,1.3965,1.3586,1.3267,1.3192,1.3429,1.3831,1.4298,1.4528
1.4593,1.4594,1.4585,1.4561,1.4595,1.4807,1.5292,1.5958,1.6509,1.6645,1.6243,1.5342,1.4104,1.2827,1.1931,1.1752,1.2255,1.311,1.3998,1.4743,1.528,1.5587,1.5663,1.5576,1.5483,1.5476,1.5471,1.5336,1.4994,1.4403,1.3532,1.2416,1.1238,1.0337,1.0022,1.0313,1.0976,1.1785,1.2631,1.3477,1.4288,1.5,1.554,1.5837,1.5858,1.5639,1.529,1.4951,1.4714,1.4597,1.4574,1.46,1.4626,1.4604,1.4483,1.4216,1.378,1.3223,1.2732,1.2584,1.2889,1.3442,1.4089,1.4409
1.4613,1.463,1.4637,1.4596,1.4584,1.4741,1.5159,1.5702,1.6042,1.5916,1.5238,1.4037,1.2449,1.0815,0.97334,0.97567,1.0804,1.2307,1.3795,1.5047,1.599,1.6596,1.685,1.6807,1.6629,1.6454,1.6258,1.5928,1.537,1.4507,1.3288,1.1768,1.0213,0.9099,0.88218,0.93091,1.0175,1.1136,1.2096,1.3041,1.3938,1.4713,1.527,1.5527,1.5455,1.5118,1.4674,1.4306,1.4128,1.4144,1.4289,1.448,1.4644,1.4721,1.4655,1.4398,1.3929,1.3306,1.2732,1.2505,1.2757,1.33,1.3978,1.4325
1.4661,1.4694,1.4741,1.4755,1.4806,1.4999,1.5355,1.5687,1.5728,1.5335,1.4488,1.3229,1.1702,1.0257,0.94529,0.97152,1.0894,1.2494,1.4116,1.5547,1.6679,1.7442,1.7782,1.7729,1.7438,1.7082,1.6711,1.6268,1.5672,1.4858,1.381,1.2638,1.1611,1.103,1.0996,1.1349,1.1867,1.2426,1.3003,1.3604,1.4207,1.4737,1.5089,1.5174,1.4959,1.4512,1.3999,1.362,1.3502,1.3647,1.3968,1.4352,1.4701,1.4941,1.5017,1.4889,1.4545,1.404,1.3539,1.3268,1.3341,1.3658,1.412,1.4373
1.4715,1.4767,1.4861,1.4946,1.5073,1.5292,1.5549,1.5662,1.5473,1.4935,1.4071,1.2957,1.1772,1.0836,1.0501,1.092,1.1952,1.3325,1.4792,1.6155,1.7245,1.7913,1.809,1.7855,1.7427,1.7003,1.6633,1.6261,1.5815,1.525,1.4585,1.3918,1.34,1.3137,1.3117,1.3252,1.3463,1.3715,1.4007,1.4345,1.47,1.5005,1.516,1.5078,1.4727,1.4179,1.3602,1.3198,1.3105,1.3336,1.3802,1.437,1.4913,1.5331,1.5549,1.5525,1.5258,1.4809,1.4326,1.3989,1.3902,1.4022,1.4285,1.4447
1.474,1.4794,1.4906,1.503,1.5198,1.5408,1.5569,1.5539,1.5244,1.4697,1.3956,1.3129,1.2398,1.197,1.1983,1.2442,1.3267,1.4348,1.555,1.6691,1.7541,1.7903,1.7745,1.7256,1.672,1.6321,1.6074,1.5903,1.5736,1.5538,1.5307,1.506,1.4823,1.4623,1.4479,1.4404,1.4405,1.4487,1.4646,1.4865,1.5099,1.5276,1.5306,1.5114,1.4687,1.4103,1.3522,1.3131,1.3059,1.3333,1.3889,1.4604,1.5337,1.5945,1.6312,1.6373,1.613,1.5667,1.5134,1.4698,1.4453,1.4394,1.4469,1.4537
1.47,1.4723,1.4784,1.4883,1.5036,1.5225,1.5351,1.5301,1.5038,1.4599,1.4063,1.3546,1.3183,1.3068,1.3231,1.3653,1.431,1.5167,1.6135,1.7025,1.7566,1.7561,1.706,1.6356,1.5762,1.5428,1.5334,1.5391,1.5526,1.5695,1.5838,1.5881,1.5765,1.5508,1.519,1.4909,1.4739,1.4709,1.481,1.4996,1.5196,1.5327,1.531,1.5094,1.4688,1.4175,1.3693,1.3385,1.3358,1.365,1.4243,1.5058,1.5963,1.6778,1.7317,1.7455,1.7189,1.6636,1.5983,1.5402,1.499,1.4756,1.4649,1.4627
1.4569,1.4513,1.4442,1.4458,1.4573,1.4777,1.4966,1.5016,1.4888,1.4622,1.43,1.4021,1.3867,1.3877,1.4056,1.4408,1.4944,1.5655,1.646,1.7151,1.7442,1.7164,1.6444,1.5627,1.5017,1.4737,1.4751,1.4977,1.5345,1.5794,1.6215,1.645,1.6379,1.6008,1.5468,1.4939,1.4562,1.4406,1.4458,1.464,1.4851,1.4993,1.5003,1.4859,1.459,1.4265,1.3977,1.3818,1.3865,1.4173,1.477,1.564,1.6685,1.7711,1.8454,1.869,1.838,1.7688,1.6859,1.6094,1.5496,1.5082,1.4802,1.4697
1.4332,1.4143,1.3864,1.3783,1.3895,1.4195,1.4544,1.4779,1.4836,1.4747,1.4587,1.4438,1.4357,1.4372,1.4501,1.4773,1.5218,1.5838,1.6544,1.7119,1.7285,1.6903,1.6135,1.5316,1.4725,1.4466,1.4514,1.4808,1.5297,1.5911,1.6508,1.6869,1.6807,1.6296,1.5496,1.4654,1.3996,1.3655,1.3628,1.3809,1.4057,1.4264,1.4376,1.4397,1.4354,1.4288,1.424,1.4256,1.4393,1.472,1.5303,1.6177,1.7292,1.8474,1.9415,1.9792,1.949,1.8686,1.7686,1.6731,1.594,1.5337,1.4899,1.4726
1.3979,1.3605,1.3065,1.2928,1.3121,1.3614,1.4196,1.4652,1.4892,1.4939,1.4865,1.4746,1.4643,1.4594,1.4638,1.4824,1.5197,1.5761,1.6419,1.6955,1.7117,1.6792,1.6124,1.5402,1.486,1.4597,1.4613,1.4881,1.5377,1.6039,1.6708,1.7132,1.7074,1.6471,1.5484,1.4391,1.3475,1.2921,1.2766,1.2901,1.3165,1.3441,1.368,1.3886,1.4073,1.4246,1.4407,1.4574,1.479,1.5129,1.5674,1.6485,1.755,1.873,1.9747,2.0258,2.0075,1.9314,1.8268,1.7199,1.6252,1.5471,1.4906,1.4698
1.3543,1.2945,1.2118,1.2006,1.2384,1.3145,1.3989,1.4654,1.5034,1.515,1.5079,1.4912,1.4721,1.4562,1.4493,1.4586,1.4901,1.544,1.6091,1.6642,1.6872,1.6695,1.6216,1.5655,1.5197,1.4933,1.489,1.5075,1.5492,1.6089,1.6717,1.7127,1.7085,1.6523,1.5581,1.4511,1.3565,1.2916,1.2619,1.261,1.2771,1.3006,1.3276,1.3572,1.3885,1.4195,1.4479,1.4733,1.4989,1.5309,1.5774,1.6449,1.733,1.8317,1.9198,1.9721,1.971,1.9183,1.8314,1.731,1.6323,1.5424,1.4799,1.4601
1.314,1.2324,1.1247,1.1246,1.1864,1.2893,1.3954,1.4762,1.5204,1.5306,1.5165,1.4887,1.4559,1.4251,1.4046,1.4048,1.4339,1.4901,1.5584,1.6167,1.6471,1.6441,1.6159,1.578,1.5441,1.5215,1.5137,1.5236,1.553,1.5986,1.6476,1.68,1.6776,1.6358,1.5656,1.4854,1.4119,1.3561,1.3215,1.3059,1.3043,1.313,1.3302,1.3553,1.3862,1.4191,1.4499,1.4765,1.5,1.525,1.5583,1.6056,1.6675,1.7367,1.7994,1.8408,1.8505,1.8255,1.7706,1.695,1.6086,1.519,1.4597,1.4459
1.2975,1.2039,1.0855,1.0986,1.1777,1.2943,1.4084,1.4909,1.5306,1.5309,1.5035,1.4602,1.4102,1.3623,1.3283,1.324,1.3586,1.4243,1.4986,1.5587,1.5918,1.5967,1.5819,1.5599,1.5402,1.5273,1.5224,1.5278,1.5457,1.5743,1.6052,1.6252,1.6229,1.5961,1.5524,1.503,1.4573,1.4203,1.3928,1.3736,1.3616,1.3572,1.3617,1.3761,1.3989,1.4257,1.4516,1.4727,1.4881,1.5001,1.5145,1.5374,1.5716,1.6135,1.6543,1.6852,1.7003,1.6962,1.6714,1.6264,1.564,1.4884,1.4403,1.4338
1.3165,1.2291,1.1226,1.1422,1.2202,1.3287,1.4308,1.4992,1.5227,1.5061,1.4615,1.4011,1.3341,1.2715,1.2316,1.2348,1.2862,1.3662,1.4455,1.5033,1.5325,1.5368,1.5268,1.515,1.5092,1.5101,1.5145,1.5208,1.5299,1.5421,1.5541,1.5599,1.5546,1.538,1.5147,1.4908,1.4701,1.4536,1.4401,1.4276,1.4158,1.4064,1.4029,1.4079,1.421,1.4389,1.4563,1.4678,1.4704,1.4641,1.4543,1.4497,1.4582,1.4803,1.5098,1.5386,1.561,1.5733,1.572,1.5543,1.5188,1.4661,1.4324,1.4304
1.3594,1.293,1.215,1.2326,1.2936,1.3763,1.4506,1.4923,1.492,1.4549,1.3934,1.319,1.242,1.1775,1.1487,1.1741,1.2466,1.3362,1.4139,1.4642,1.4847,1.4823,1.4702,1.4627,1.4676,1.4823,1.498,1.5076,1.5095,1.5055,1.4973,1.486,1.4728,1.4603,1.4517,1.4489,1.4516,1.457,1.4615,1.462,1.4576,1.4502,1.4439,1.4427,1.4477,1.4567,1.4647,1.4654,1.4531,1.4259,1.389,1.3557,1.3405,1.3495,1.3767,1.4114,1.4451,1.4728,1.4908,1.4957,1.4848,1.4572,1.437,1.4357
1.4043,1.3627,1.3145,1.3255,1.3647,1.4167,1.4585,1.4708,1.4463,1.3911,1.3176,1.2387,1.1679,1.1228,1.1228,1.1732,1.256,1.3425,1.4109,1.4506,1.461,1.4503,1.4333,1.4262,1.4372,1.4611,1.4842,1.4945,1.4873,1.4647,1.4326,1.398,1.369,1.3532,1.3553,1.3741,1.4038,1.4365,1.4648,1.4837,1.4913,1.4895,1.4829,1.4769,1.4745,1.4752,1.4745,1.4654,1.4403,1.395,1.3348,1.2771,1.243,1.2429,1.2705,1.3118,1.3558,1.3962,1.4295,1.4524,1.462,1.4568,1.4474,1.445
1.439,1.4166,1.3896,1.3923,1.412,1.4383,1.4538,1.4431,1.4011,1.3346,1.2584,1.1893,1.1436,1.134,1.1647,1.2272,1.3044,1.3783,1.4349,1.4658,1.4692,1.4526,1.4318,1.4239,1.4361,1.4613,1.4836,1.4881,1.4676,1.4235,1.3625,1.2957,1.2383,1.2079,1.2158,1.2599,1.326,1.3968,1.4583,1.5022,1.5252,1.5295,1.5212,1.5081,1.4962,1.4873,1.4786,1.4632,1.4322,1.38,1.3119,1.2463,1.2056,1.2,1.2231,1.2617,1.3052,1.3485,1.3889,1.4231,1.4477,1.4599,1.4588,1.4553
1.4619,1.4501,1.4328,1.4271,1.4324,1.4415,1.4405,1.4163,1.3652,1.2958,1.2266,1.1793,1.1683,1.1932,1.2424,1.3034,1.368,1.4295,1.4797,1.5092,1.5124,1.4946,1.4718,1.461,1.4685,1.4865,1.4991,1.4919,1.4567,1.3925,1.3037,1.2005,1.1028,1.0411,1.044,1.1145,1.2266,1.3473,1.4521,1.5271,1.567,1.5744,1.5586,1.5316,1.5041,1.4816,1.4643,1.447,1.4217,1.3823,1.3317,1.2835,1.2529,1.2462,1.2587,1.2822,1.3106,1.3421,1.3765,1.4117,1.4433,1.4663,1.4711,1.4676
1.4777,1.4682,1.4504,1.4371,1.4333,1.4327,1.4226,1.3913,1.3362,1.2688,1.2123,1.1911,1.2127,1.2617,1.318,1.3727,1.4269,1.4831,1.5367,1.5758,1.5878,1.5727,1.5461,1.5266,1.5216,1.5246,1.5224,1.5026,1.4574,1.3835,1.2813,1.1565,1.0268,0.92906,0.91201,0.99483,1.1445,1.3114,1.4588,1.5646,1.6186,1.6225,1.5892,1.5377,1.485,1.442,1.4137,1.3996,1.3941,1.3889,1.3784,1.364,1.3519,1.3467,1.3489,1.3561,1.3663,1.3798,1.3992,1.4256,1.4552,1.4811,1.4891,1.4863
1.4942,1.4806,1.4555,1.4358,1.4262,1.4197,1.4034,1.3661,1.3072,1.2416,1.198,1.2015,1.2493,1.3143,1.3736,1.4233,1.4723,1.5302,1.5963,1.6552,1.6833,1.6714,1.6349,1.5981,1.5732,1.5575,1.5404,1.5119,1.465,1.3953,1.3011,1.185,1.0602,0.95825,0.92643,0.99441,1.1415,1.3195,1.4856,1.6084,1.6676,1.6596,1.5996,1.5135,1.4256,1.3545,1.3132,1.3087,1.3368,1.3797,1.4162,1.4354,1.4398,1.4372,1.434,1.4331,1.4345,1.4389,1.4486,1.4661,1.4897,1.5124,1.5203,1.5184
1.5212,1.5,1.4639,1.4384,1.424,1.4119,1.3881,1.3427,1.2772,1.2107,1.1767,1.1999,1.2684,1.3463,1.4096,1.4579,1.5057,1.5685,1.6501,1.7314,1.7762,1.764,1.7117,1.6522,1.6055,1.5729,1.5458,1.5147,1.4729,1.4162,1.3429,1.2552,1.1636,1.0902,1.066,1.1126,1.2243,1.3721,1.5206,1.6352,1.6868,1.663,1.5763,1.4546,1.3281,1.2248,1.1714,1.1852,1.2562,1.3477,1.4233,1.4673,1.4836,1.4841,1.4797,1.4772,1.4796,1.4874,1.501,1.5211,1.5451,1.5658,1.5723,1.5702
1.5675,1.5377,1.4903,1.4581,1.4376,1.4179,1.3849,1.3301,1.2572,1.1878,1.1585,1.194,1.2771,1.3667,1.437,1.4882,1.537,1.6033,1.6944,1.788,1.8391,1.8209,1.7523,1.6731,1.61,1.5677,1.538,1.5105,1.4781,1.4368,1.3858,1.3276,1.2704,1.2285,1.2187,1.2523,1.3282,1.4321,1.5412,1.627,1.6607,1.6252,1.5252,1.3829,1.2282,1.098,1.0368,1.0727,1.1821,1.3079,1.4068,1.465,1.4889,1.492,1.4873,1.4847,1.4908,1.508,1.5361,1.5725,1.6107,1.6395,1.6474,1.6448
1.6361,1.5987,1.5413,1.5,1.4709,1.4417,1.4,1.339,1.2632,1.1933,1.1646,1.202,1.2905,1.3892,1.4695,1.5284,1.5805,1.6461,1.7325,1.8169,1.8554,1.8249,1.7448,1.6549,1.585,1.5426,1.5186,1.5007,1.4804,1.4541,1.4216,1.3857,1.3528,1.3315,1.3307,1.3553,1.4045,1.4706,1.5399,1.5927,1.6074,1.5686,1.4745,1.3374,1.1809,1.0438,0.98092,1.0265,1.1486,1.2829,1.3869,1.4494,1.4766,1.4803,1.4733,1.4682,1.4754,1.5012,1.5468,1.6076,1.6726,1.7235,1.7406,1.7374
1.718,1.6737,1.6082,1.5557,1.5159,1.4777,1.4307,1.3701,1.2997,1.2358,1.2071,1.2379,1.3217,1.4248,1.5171,1.5888,1.6473,1.7064,1.7708,1.822,1.8296,1.7815,1.6942,1.6008,1.5318,1.4979,1.4881,1.4858,1.4805,1.4685,1.4504,1.4294,1.4104,1.3993,1.4008,1.4171,1.4471,1.486,1.5253,1.5528,1.5547,1.5203,1.4458,1.3359,1.2063,1.0889,1.0318,1.0666,1.1692,1.2859,1.3793,1.4379,1.4645,1.4668,1.4554,1.4435,1.4463,1.4756,1.5357,1.6219,1.7193,1.8022,1.8359,1.8311
1.7877,1.7375,1.6674,1.6049,1.5561,1.5121,1.465,1.4112,1.3531,1.3015,1.2765,1.2991,1.3723,1.4753,1.5803,1.6693,1.7365,1.7831,1.8101,1.812,1.78,1.7119,1.6176,1.5211,1.4542,1.4329,1.4442,1.4643,1.478,1.4809,1.4745,1.4627,1.4504,1.4422,1.4415,1.4495,1.4653,1.4858,1.5058,1.5182,1.5152,1.4905,1.4405,1.3662,1.2763,1.1922,1.1469,1.1636,1.2314,1.3161,1.3895,1.4389,1.4625,1.4629,1.4463,1.4253,1.4185,1.4445,1.5124,1.618,1.743,1.8555,1.9055,1.8955
1.8146,1.7625,1.6948,1.629,1.5772,1.533,1.4906,1.4471,1.4038,1.3669,1.3494,1.3678,1.4309,1.531,1.6469,1.7544,1.8307,1.8597,1.8418,1.7923,1.7233,1.6373,1.5348,1.4311,1.3601,1.3485,1.3839,1.4323,1.4703,1.4905,1.4949,1.4886,1.4778,1.4676,1.4616,1.4614,1.4664,1.4749,1.484,1.4901,1.4894,1.478,1.453,1.4129,1.361,1.3089,1.2759,1.2777,1.3126,1.3641,1.4145,1.4524,1.4724,1.4719,1.4524,1.4235,1.4057,1.4235,1.4914,1.6047,1.7413,1.8652,1.9198,1.9013
1.7888,1.7415,1.6836,1.6237,1.576,1.5367,1.5021,1.4697,1.4398,1.4163,1.4075,1.4254,1.481,1.5757,1.697,1.8179,1.8999,1.9102,1.8529,1.7636,1.6687,1.5703,1.461,1.3473,1.2637,1.251,1.3057,1.3847,1.4519,1.4933,1.5092,1.5061,1.4926,1.4763,1.4626,1.4539,1.4509,1.4529,1.4588,1.4672,1.4762,1.483,1.4838,1.4749,1.4543,1.4258,1.3998,1.3881,1.3956,1.418,1.4465,1.4725,1.4888,1.4892,1.4709,1.4395,1.4149,1.4248,1.4862,1.5929,1.7189,1.8287,1.8724,1.8478
1.7278,1.6899,1.6447,1.5965,1.5577,1.5266,1.5008,1.4785,1.4594,1.4461,1.4442,1.4627,1.5119,1.5979,1.7146,1.8365,1.9171,1.9142,1.8351,1.7262,1.6191,1.5153,1.4031,1.2814,1.1815,1.155,1.2153,1.3184,1.4153,1.4809,1.5096,1.5077,1.4872,1.4602,1.4358,1.4188,1.4116,1.4147,1.4278,1.45,1.4794,1.5124,1.5437,1.5657,1.5703,1.5542,1.5239,1.4929,1.473,1.4682,1.4755,1.4888,1.5006,1.5028,1.4893,1.4624,1.4394,1.4463,1.4982,1.5857,1.6832,1.7621,1.788,1.7635
1.6569,1.628,1.5935,1.558,1.5296,1.5077,1.4906,1.4767,1.4658,1.4596,1.4621,1.4803,1.5228,1.5963,1.6985,1.8074,1.8785,1.8709,1.791,1.6822,1.5748,1.4713,1.3599,1.2358,1.1241,1.0792,1.1299,1.2414,1.3584,1.4442,1.4833,1.4783,1.444,1.3995,1.3609,1.3383,1.3363,1.3552,1.3926,1.4453,1.5097,1.5814,1.6531,1.7109,1.7365,1.7183,1.6646,1.5991,1.5434,1.5072,1.4902,1.4873,1.4911,1.4931,1.486,1.4698,1.4577,1.4691,1.512,1.5755,1.6395,1.6866,1.6976,1.6778
1.592,1.5688,1.5407,1.516,1.4971,1.4839,1.4747,1.4678,1.4629,1.4613,1.4663,1.4831,1.5185,1.578,1.6602,1.7476,1.8043,1.7977,1.7308,1.6351,1.5353,1.435,1.3258,1.2039,1.0909,1.0367,1.0742,1.1785,1.2975,1.3885,1.4265,1.4075,1.3479,1.2764,1.2216,1.203,1.2261,1.2845,1.3674,1.4667,1.5789,1.7025,1.8296,1.9363,1.9827,1.9423,1.8359,1.7115,1.6039,1.5257,1.4761,1.4492,1.4381,1.4356,1.4356,1.4371,1.4462,1.4707,1.5099,1.5542,1.5924,1.6169,1.6191,1.6054
1.5389,1.5179,1.4921,1.4752,1.4639,1.4579,1.4552,1.4538,1.4533,1.4547,1.4609,1.476,1.5048,1.5511,1.6133,1.6781,1.72,1.7162,1.6662,1.5887,1.4998,1.4031,1.2946,1.1762,1.0723,1.0272,1.0646,1.1598,1.2671,1.346,1.368,1.324,1.2316,1.1299,1.065,1.0676,1.1359,1.246,1.376,1.5175,1.6736,1.8511,2.0472,2.2268,2.305,2.2173,2.0236,1.8167,1.6421,1.5097,1.4152,1.3527,1.3182,1.3095,1.3239,1.3561,1.3992,1.4457,1.489,1.5238,1.5476,1.5594,1.5578,1.5495
1.4982,1.4773,1.4511,1.4387,1.4325,1.4314,1.4332,1.4356,1.438,1.4414,1.4483,1.4618,1.4853,1.5209,1.5667,1.6129,1.6426,1.6411,1.6061,1.5459,1.468,1.374,1.2632,1.1465,1.0582,1.04,1.0966,1.1926,1.2878,1.3497,1.3544,1.2945,1.1891,1.0823,1.0274,1.0541,1.1486,1.2773,1.4185,1.5692,1.7394,1.9439,2.1883,2.4391,2.5627,2.4212,2.1452,1.8703,1.6372,1.4488,1.2998,1.1899,1.1268,1.1207,1.1695,1.2516,1.3382,1.4101,1.4611,1.4933,1.5105,1.516,1.5133,1.5089
1.4692,1.4475,1.42,1.4096,1.4052,1.4058,1.409,1.4125,1.4161,1.4207,1.4283,1.4412,1.4613,1.4897,1.5241,1.5574,1.5789,1.5794,1.5557,1.5094,1.4414,1.3493,1.2341,1.1163,1.046,1.0638,1.1496,1.2537,1.3409,1.3904,1.3887,1.3355,1.2503,1.1709,1.1371,1.166,1.2442,1.3476,1.4621,1.5882,1.736,1.9185,2.1383,2.3585,2.4629,2.3459,2.0976,1.8306,1.5843,1.3631,1.1666,1.0071,0.91801,0.93214,1.0356,1.1727,1.2956,1.3845,1.4403,1.471,1.4847,1.4868,1.4835,1.4812
1.4507,1.4291,1.4012,1.3905,1.3846,1.3822,1.3819,1.3825,1.3847,1.3896,1.3985,1.4124,1.432,1.4572,1.4856,1.512,1.5296,1.5323,1.5168,1.4813,1.422,1.3329,1.2147,1.0961,1.0431,1.0944,1.205,1.3141,1.3933,1.4337,1.4334,1.3976,1.343,1.2944,1.2749,1.293,1.3414,1.4077,1.4848,1.5738,1.6814,1.814,1.9664,2.1041,2.1599,2.0898,1.9265,1.7261,1.5176,1.3076,1.1008,0.92025,0.8216,0.85696,0.99533,1.1569,1.2901,1.3805,1.4338,1.461,1.4713,1.4706,1.4663,1.4647
1.4421,1.4224,1.3964,1.384,1.373,1.362,1.3511,1.3424,1.3389,1.3427,1.3541,1.3721,1.3954,1.4223,1.4502,1.4752,1.4925,1.4982,1.4892,1.4622,1.4112,1.3283,1.2134,1.0997,1.0624,1.1349,1.2555,1.36,1.4276,1.4598,1.4628,1.4441,1.4147,1.3881,1.3758,1.3827,1.4066,1.4425,1.4878,1.5432,1.6121,1.6962,1.7883,1.8647,1.8912,1.8496,1.7522,1.6223,1.4742,1.3124,1.1436,0.99179,0.90882,0.94004,1.061,1.2032,1.3199,1.3978,1.4423,1.4634,1.4697,1.4662,1.4602,1.4579
1.4424,1.4273,1.4062,1.3914,1.3725,1.3475,1.3176,1.2898,1.2731,1.2731,1.2891,1.3162,1.3493,1.3841,1.4173,1.4455,1.4655,1.4749,1.4712,1.4512,1.409,1.3363,1.2335,1.1346,1.1118,1.19,1.3037,1.3934,1.4458,1.4695,1.4752,1.4703,1.4595,1.4474,1.4386,1.4367,1.4429,1.457,1.4784,1.508,1.5469,1.5949,1.6461,1.687,1.7006,1.6787,1.6254,1.55,1.4586,1.354,1.2419,1.1402,1.0829,1.0999,1.1816,1.2847,1.3722,1.4309,1.4632,1.4769,1.4786,1.4727,1.4639,1.4598
1.4501,1.4419,1.4281,1.411,1.3842,1.3426,1.2868,1.2279,1.1856,1.1756,1.1985,1.2425,1.2941,1.3442,1.3879,1.4228,1.4473,1.4604,1.4611,1.447,1.4134,1.354,1.2711,1.1958,1.1876,1.2605,1.3558,1.4242,1.4587,1.4727,1.4795,1.4848,1.4875,1.4848,1.477,1.4675,1.4603,1.4578,1.4614,1.4718,1.4893,1.5132,1.5401,1.5629,1.5735,1.5669,1.5433,1.5058,1.4572,1.3995,1.337,1.2802,1.2481,1.2581,1.3084,1.3753,1.434,1.4729,1.4929,1.499,1.4965,1.4887,1.4761,1.4689
1.462,1.4614,1.4558,1.4378,1.4058,1.3509,1.2691,1.1708,1.0869,1.0548,1.0855,1.1559,1.2359,1.3078,1.3655,1.4084,1.4375,1.4537,1.4574,1.4477,1.4219,1.377,1.3176,1.2705,1.2778,1.3429,1.4168,1.4621,1.4778,1.4808,1.4861,1.4977,1.5092,1.5117,1.5024,1.485,1.4659,1.4497,1.439,1.4346,1.4369,1.4457,1.4593,1.4748,1.4873,1.493,1.4899,1.478,1.4589,1.4343,1.4075,1.3841,1.3737,1.3848,1.4171,1.4586,1.4944,1.5169,1.5264,1.5264,1.5206,1.5114,1.4943,1.4833
1.4735,1.4791,1.48,1.4634,1.4315,1.3724,1.2753,1.1425,1.0079,0.93773,0.97183,1.0745,1.1884,1.284,1.355,1.4044,1.4362,1.4536,1.4586,1.4516,1.4322,1.4008,1.3645,1.3454,1.3697,1.4312,1.4884,1.5135,1.5113,1.5024,1.5034,1.5166,1.5315,1.5347,1.521,1.4951,1.4647,1.4363,1.4128,1.3959,1.3865,1.3855,1.3928,1.4067,1.4239,1.4399,1.4515,1.4575,1.4585,1.4564,1.4535,1.4533,1.4595,1.4751,1.4989,1.5244,1.5443,1.5552,1.5576,1.5539,1.5462,1.5359,1.514,1.4991
1.4794,1.4873,1.4921,1.4798,1.4541,1.4018,1.3074,1.1625,0.99182,0.87817,0.9033,1.0301,1.1704,1.2823,1.3607,1.4121,1.4434,1.4594,1.4634,1.4572,1.4425,1.4226,1.4064,1.4119,1.4538,1.5186,1.5677,1.5783,1.5605,1.5392,1.5328,1.5425,1.5547,1.5539,1.5342,1.5003,1.4604,1.4208,1.3852,1.3558,1.3354,1.3265,1.3307,1.3466,1.37,1.3957,1.4194,1.4389,1.4546,1.468,1.4812,1.4961,1.5136,1.5332,1.5522,1.5674,1.5768,1.5802,1.5792,1.5746,1.5665,1.5546,1.5287,1.5113
1.4749,1.4803,1.4864,1.4825,1.4684,1.4318,1.3563,1.2271,1.056,0.92028,0.9243,1.0486,1.1929,1.306,1.3825,1.4303,1.4575,1.4696,1.4705,1.4635,1.452,1.4413,1.4412,1.466,1.5237,1.5962,1.6445,1.6461,1.6148,1.5805,1.5637,1.5649,1.5698,1.5631,1.5389,1.5008,1.4551,1.4068,1.359,1.3154,1.2815,1.2637,1.2656,1.2856,1.3173,1.3534,1.3883,1.4195,1.4469,1.472,1.4963,1.521,1.5452,1.5664,1.581,1.5877,1.5884,1.5867,1.5844,1.5807,1.5728,1.5582,1.5306,1.514
1.457,1.4551,1.4615,1.471,1.4729,1.4567,1.4087,1.313,1.1718,1.044,1.027,1.1236,1.2481,1.3478,1.4145,1.4546,1.4751,1.4814,1.478,1.4694,1.4604,1.4571,1.469,1.507,1.5747,1.6525,1.7007,1.6949,1.6508,1.6032,1.5748,1.5663,1.5643,1.5547,1.5315,1.4954,1.4496,1.3961,1.3369,1.2765,1.2246,1.1942,1.1934,1.2195,1.262,1.31,1.3565,1.3987,1.4365,1.4709,1.5035,1.5346,1.5624,1.583,1.5921,1.5898,1.5812,1.5734,1.5691,1.566,1.5575,1.5382,1.5127,1.5017
1.425,1.4116,1.4194,1.4481,1.4691,1.4744,1.4543,1.3955,1.2939,1.1882,1.1562,1.2171,1.311,1.3909,1.4453,1.4769,1.4904,1.4907,1.4831,1.4734,1.4671,1.4702,1.4904,1.5351,1.6041,1.6776,1.7176,1.7002,1.6431,1.5845,1.5484,1.5355,1.5331,1.5279,1.5124,1.4845,1.4437,1.389,1.3199,1.2413,1.1674,1.1207,1.1167,1.1513,1.2071,1.2684,1.3266,1.3788,1.4253,1.4672,1.5059,1.5413,1.5709,1.5897,1.5927,1.5804,1.5609,1.5442,1.5351,1.5299,1.5184,1.4914,1.4716,1.4712
1.3823,1.3552,1.367,1.4194,1.4606,1.4853,1.488,1.4585,1.3888,1.3012,1.2571,1.2862,1.3525,1.4158,1.4613,1.487,1.4955,1.4914,1.4814,1.4724,1.47,1.4794,1.5053,1.5511,1.6129,1.6707,1.691,1.6557,1.5861,1.5221,1.4869,1.4796,1.486,1.4919,1.4885,1.4715,1.4381,1.3847,1.3083,1.2127,1.1167,1.0539,1.0488,1.0946,1.1648,1.2381,1.3054,1.3647,1.4169,1.4636,1.5059,1.5436,1.5736,1.59,1.587,1.565,1.534,1.5069,1.4905,1.4803,1.4629,1.4255,1.4125,1.4255
1.34,1.3001,1.3176,1.3934,1.4527,1.4919,1.5087,1.4948,1.4394,1.3555,1.2966,1.3023,1.3515,1.4074,1.4505,1.4751,1.4818,1.4761,1.4666,1.4614,1.4655,1.4821,1.5129,1.5571,1.6075,1.6444,1.6403,1.585,1.5052,1.442,1.4164,1.4226,1.4428,1.4614,1.4692,1.4613,1.4341,1.3823,1.3008,1.1928,1.0816,1.0112,1.0121,1.071,1.1523,1.2321,1.3023,1.3627,1.4154,1.4623,1.5046,1.5418,1.5704,1.5839,1.5758,1.5464,1.5064,1.4709,1.4481,1.4328,1.4091,1.3609,1.3532,1.378
1.3149,1.2679,1.2901,1.3813,1.4518,1.4981,1.5188,1.5047,1.4434,1.3457,1.2681,1.2593,1.304,1.3621,1.409,1.4356,1.4422,1.437,1.4315,1.4344,1.4495,1.4764,1.5136,1.5574,1.5987,1.6193,1.5972,1.5291,1.4454,1.3881,1.3747,1.3935,1.4235,1.4489,1.4614,1.4571,1.4319,1.3797,1.2947,1.1812,1.0686,1.0071,1.0238,1.0943,1.1791,1.2566,1.3219,1.3765,1.4236,1.4653,1.5028,1.5353,1.5595,1.569,1.5571,1.5242,1.4814,1.4442,1.4205,1.4043,1.3779,1.3242,1.3187,1.3493
1.3199,1.2758,1.2998,1.3926,1.4645,1.5095,1.5236,1.4952,1.4107,1.2864,1.1896,1.1761,1.2267,1.2931,1.3454,1.3724,1.3764,1.3706,1.3712,1.3877,1.4197,1.4623,1.5101,1.5583,1.5981,1.6141,1.5891,1.5228,1.4456,1.3968,1.3898,1.4103,1.4377,1.4589,1.4672,1.459,1.4299,1.3735,1.2852,1.174,1.0763,1.0408,1.079,1.1562,1.2366,1.3049,1.3597,1.4041,1.4413,1.4732,1.501,1.5242,1.5399,1.5427,1.5275,1.4959,1.4586,1.4294,1.4136,1.4031,1.3803,1.3298,1.3241,1.3526
1.3528,1.3218,1.3476,1.4311,1.4962,1.5327,1.5318,1.4784,1.3609,1.2075,1.0991,1.0922,1.1553,1.2306,1.2846,1.3061,1.3005,1.2884,1.2936,1.3265,1.3809,1.4443,1.508,1.5669,1.6146,1.6397,1.6282,1.5791,1.5171,1.4746,1.4626,1.47,1.4817,1.4878,1.4831,1.4635,1.4242,1.3593,1.2678,1.1667,1.0973,1.0965,1.1546,1.2329,1.3045,1.3615,1.4054,1.4394,1.4659,1.4863,1.5013,1.5106,1.5126,1.5043,1.4845,1.4575,1.4336,1.4222,1.4227,1.4238,1.4093,1.3687,1.3604,1.3809
1.3998,1.3878,1.4216,1.4947,1.5513,1.576,1.5547,1.4705,1.3201,1.149,1.0472,1.0576,1.1326,1.2112,1.2612,1.2725,1.2528,1.2285,1.2313,1.2751,1.3487,1.4326,1.5141,1.5882,1.6516,1.6965,1.7102,1.687,1.6415,1.5985,1.5705,1.5545,1.5422,1.5266,1.5028,1.4663,1.4119,1.3358,1.2432,1.1597,1.1256,1.1575,1.2289,1.3043,1.3668,1.4144,1.4505,1.4775,1.4961,1.5059,1.5068,1.4987,1.4817,1.4569,1.4288,1.4072,1.4018,1.4143,1.4355,1.4502,1.4454,1.4165,1.4047,1.4151
1.4479,1.4568,1.5076,1.5802,1.6343,1.6487,1.6046,1.4892,1.3162,1.1503,1.0741,1.1022,1.1783,1.25,1.2915,1.2948,1.2674,1.2343,1.2284,1.2682,1.3453,1.4386,1.5325,1.6215,1.7035,1.7722,1.814,1.8156,1.7809,1.7302,1.6815,1.6398,1.6022,1.5638,1.5195,1.4645,1.3948,1.3102,1.223,1.1635,1.1627,1.2172,1.2935,1.3637,1.4186,1.4604,1.4931,1.5179,1.5328,1.5349,1.5223,1.4951,1.4555,1.4096,1.3697,1.3522,1.3655,1.4015,1.4414,1.4677,1.4711,1.4527,1.439,1.4413
1.4915,1.5201,1.597,1.6849,1.7492,1.7583,1.6905,1.5464,1.3659,1.2229,1.1735,1.205,1.2671,1.3224,1.3531,1.3536,1.3297,1.2996,1.2885,1.3148,1.3784,1.4648,1.5601,1.6572,1.7529,1.8397,1.9007,1.9164,1.8842,1.8242,1.759,1.6987,1.643,1.5876,1.528,1.4602,1.3825,1.2991,1.2266,1.1927,1.2144,1.2772,1.3504,1.4137,1.4632,1.5027,1.5361,1.5632,1.5789,1.5769,1.5529,1.5074,1.4454,1.3786,1.3268,1.3114,1.338,1.3891,1.4395,1.4718,1.4805,1.4702,1.4576,1.4559
1.5303,1.5757,1.6841,1.8041,1.8925,1.9001,1.8044,1.6337,1.4549,1.3348,1.2971,1.3165,1.3559,1.3909,1.4101,1.4103,1.3953,1.3757,1.3673,1.3837,1.4295,1.4995,1.585,1.679,1.7757,1.8643,1.925,1.9375,1.9013,1.8381,1.7703,1.7072,1.6482,1.5893,1.527,1.4594,1.3874,1.3178,1.2662,1.252,1.2819,1.3401,1.4038,1.4594,1.5053,1.5454,1.583,1.6157,1.6355,1.6321,1.5996,1.5396,1.4609,1.3801,1.3211,1.3055,1.3347,1.3871,1.4366,1.4678,1.4774,1.4717,1.4628,1.4616
1.5653,1.6223,1.7602,1.9204,2.0371,2.0368,1.9061,1.7138,1.5422,1.4373,1.3991,1.4018,1.4193,1.4361,1.4453,1.4453,1.4381,1.4293,1.4273,1.4401,1.4728,1.5255,1.5947,1.6747,1.7576,1.8291,1.8694,1.8649,1.8227,1.7649,1.7089,1.6596,1.6142,1.5681,1.5189,1.4664,1.4129,1.3651,1.3341,1.3311,1.3578,1.4034,1.4539,1.5011,1.5447,1.5877,1.6316,1.6714,1.6961,1.6928,1.6551,1.5869,1.501,1.4167,1.3566,1.338,1.3591,1.4002,1.4389,1.4624,1.4683,1.4626,1.4587,1.4622
1.5959,1.6549,1.8068,1.9937,2.1168,2.0916,1.9345,1.7427,1.5902,1.5002,1.4616,1.4522,1.4541,1.4578,1.4593,1.4583,1.456,1.4551,1.4588,1.471,1.4952,1.5333,1.5845,1.6449,1.7054,1.7507,1.7639,1.7398,1.6921,1.6423,1.6032,1.5754,1.5534,1.5315,1.5069,1.4794,1.4512,1.4266,1.412,1.4129,1.4302,1.4594,1.4945,1.5325,1.574,1.6206,1.6707,1.7163,1.7443,1.7415,1.7026,1.6341,1.5512,1.4723,1.4157,1.3926,1.4004,1.4242,1.4472,1.4589,1.4567,1.4457,1.4477,1.4602
1.6178,1.6632,1.7988,1.9755,2.066,2.0147,1.8665,1.708,1.5897,1.5206,1.4876,1.474,1.4677,1.4629,1.4584,1.4554,1.4553,1.4587,1.4659,1.4776,1.4954,1.5213,1.5564,1.5979,1.6373,1.6602,1.6527,1.6148,1.5632,1.5187,1.4924,1.4832,1.4845,1.4892,1.493,1.4939,1.492,1.4883,1.4849,1.4844,1.4886,1.4989,1.5163,1.5429,1.5808,1.6294,1.6831,1.7309,1.7594,1.7579,1.7236,1.6639,1.5929,1.5259,1.4756,1.4491,1.444,1.4508,1.4575,1.4556,1.4417,1.42,1.4292,1.4567
1.6234,1.6374,1.7269,1.8628,1.9099,1.855,1.7444,1.6348,1.556,1.5107,1.4885,1.4771,1.4682,1.4584,1.4489,1.4425,1.4416,1.4462,1.4542,1.4639,1.4752,1.4906,1.5122,1.5394,1.5652,1.5764,1.5609,1.5196,1.4683,1.4268,1.4063,1.4074,1.4245,1.4509,1.4805,1.5082,1.5302,1.5434,1.5462,1.5392,1.5262,1.5142,1.511,1.5239,1.5561,1.6042,1.6581,1.7042,1.731,1.7324,1.7085,1.6657,1.6139,1.5631,1.5217,1.4939,1.4792,1.4718,1.4637,1.4472,1.4184,1.3806,1.4005,1.4511
1.6071,1.5815,1.6184,1.7134,1.7363,1.6952,1.6242,1.5569,1.5105,1.4863,1.4765,1.4714,1.464,1.4521,1.438,1.4267,1.4221,1.4241,1.4292,1.4337,1.4365,1.4406,1.4504,1.4679,1.4884,1.5003,1.4918,1.4609,1.4197,1.3845,1.3668,1.37,1.3926,1.4303,1.4771,1.5252,1.5658,1.5907,1.5938,1.5747,1.5402,1.5032,1.4784,1.4774,1.504,1.551,1.6032,1.6455,1.6692,1.6732,1.6613,1.6386,1.6095,1.5775,1.5466,1.5197,1.4979,1.4786,1.4564,1.4243,1.3773,1.3195,1.3588,1.4427
1.5738,1.52,1.5225,1.5903,1.6051,1.5799,1.537,1.4969,1.4715,1.4627,1.4647,1.4686,1.4667,1.4558,1.4386,1.4216,1.4103,1.4052,1.4017,1.3948,1.3834,1.3718,1.3675,1.3762,1.3974,1.4217,1.4362,1.4333,1.417,1.3982,1.3868,1.389,1.408,1.4441,1.4943,1.5502,1.5995,1.6283,1.6261,1.5914,1.5344,1.4739,1.4307,1.4198,1.4439,1.491,1.5413,1.5789,1.5979,1.6016,1.5973,1.5903,1.581,1.5665,1.5455,1.5194,1.4906,1.4593,1.4218,1.3721,1.3059,1.2309,1.3069,1.4326
1.5387,1.4801,1.4701,1.5186,1.5302,1.5156,1.4892,1.4648,1.4522,1.4548,1.4688,1.4848,1.4926,1.4866,1.469,1.447,1.4272,1.4103,1.3913,1.3646,1.3293,1.292,1.2644,1.2594,1.2837,1.3309,1.3837,1.4247,1.4468,1.4536,1.4536,1.4556,1.4669,1.4924,1.5327,1.5818,1.6271,1.6518,1.642,1.595,1.5225,1.4472,1.3936,1.3786,1.4028,1.4499,1.4971,1.5289,1.5416,1.5412,1.5373,1.5362,1.5368,1.532,1.5155,1.486,1.4466,1.3994,1.3432,1.2747,1.1952,1.1235,1.2604,1.4246
1.5135,1.4672,1.4568,1.4895,1.4981,1.4902,1.4748,1.4621,1.4611,1.4765,1.5054,1.5367,1.5563,1.5557,1.537,1.5091,1.4799,1.4498,1.4132,1.3629,1.2971,1.2229,1.1579,1.1276,1.1531,1.2312,1.3322,1.4221,1.4827,1.5134,1.5235,1.5249,1.5285,1.5416,1.5673,1.6022,1.6361,1.6541,1.6418,1.5947,1.5229,1.4483,1.3953,1.3807,1.4037,1.4466,1.4868,1.5101,1.5148,1.5081,1.4994,1.4949,1.4933,1.4858,1.463,1.4214,1.3633,1.2929,1.2134,1.13,1.0587,1.0326,1.2411,1.4223
1.4981,1.4686,1.4619,1.4824,1.4888,1.4867,1.4823,1.484,1.5002,1.5348,1.5826,1.6276,1.6514,1.6455,1.6164,1.5778,1.5391,1.5003,1.4538,1.3897,1.3019,1.1936,1.0847,1.0173,1.0381,1.1478,1.2927,1.4188,1.5018,1.5431,1.5551,1.5528,1.5489,1.5522,1.5664,1.5896,1.6145,1.6301,1.6249,1.5936,1.5421,1.4863,1.4462,1.4357,1.4541,1.4863,1.513,1.5235,1.5182,1.5041,1.4893,1.4779,1.467,1.4478,1.4099,1.3479,1.2632,1.1626,1.0579,0.97273,0.94554,1.0033,1.2555,1.4246
1.4873,1.4716,1.4688,1.481,1.4864,1.4904,1.4991,1.5206,1.5614,1.6205,1.6845,1.73,1.738,1.7082,1.6575,1.6054,1.5617,1.5241,1.4824,1.4234,1.3361,1.2169,1.0816,0.98221,0.99174,1.1175,1.2824,1.4177,1.5001,1.5356,1.5394,1.5277,1.5144,1.5096,1.517,1.5349,1.5577,1.5778,1.5876,1.5828,1.5652,1.543,1.5275,1.5269,1.54,1.5563,1.5637,1.557,1.5395,1.5179,1.4978,1.4804,1.4614,1.4316,1.3802,1.3003,1.1918,1.0639,0.94147,0.8738,0.91192,1.0419,1.2887,1.4279
1.4809,1.4728,1.4701,1.4754,1.4816,1.4945,1.5215,1.5687,1.6362,1.7114,1.7704,1.7895,1.7613,1.7001,1.6308,1.5732,1.5337,1.5073,1.4826,1.4472,1.39,1.3049,1.2016,1.1206,1.1221,1.215,1.3376,1.4339,1.4879,1.5059,1.4996,1.4812,1.4625,1.453,1.4571,1.4733,1.4966,1.5215,1.5435,1.5599,1.5708,1.5789,1.5874,1.5977,1.6065,1.6073,1.5957,1.5732,1.546,1.5205,1.4998,1.4833,1.4661,1.4403,1.3972,1.3307,1.241,1.1395,1.0561,1.0357,1.1005,1.2147,1.3714,1.4517
1.4791,1.4733,1.4695,1.4714,1.4787,1.4984,1.5384,1.6025,1.6829,1.7584,1.8031,1.8001,1.7515,1.6767,1.6011,1.5432,1.508,1.4892,1.4756,1.4562,1.4218,1.3674,1.2983,1.2429,1.2436,1.3066,1.3885,1.4504,1.4824,1.4895,1.4796,1.4606,1.4416,1.4312,1.4341,1.4492,1.4721,1.4978,1.5227,1.5452,1.5652,1.5836,1.601,1.6159,1.6239,1.6194,1.6007,1.5721,1.5416,1.5154,1.4963,1.4826,1.4699,1.4514,1.4205,1.3724,1.3077,1.2374,1.1877,1.1906,1.2513,1.3342,1.4269,1.4703
